[Guide]
: x, y, z, BuildScript.MountType

[BuildScript.MountType]
: 0 = Floor1
: 1 = Wall
: 2 = Ceiling1
: 3 = Door1
: 4 = Stair1


[Floor1]
: 0,	0.25,	2,	1
: 0,	0.25,	-2,	1
: -2,	0.25,	0,	1
: 2,	0.25,	0,	1
: 0,	0.25,	2,	3
: 0,	0.25,	-2,	3
: -2,	0.25,	0,	3
: 2,	0.25,	0,	3
: 0,	0.3,	4,	0
: 0,	0.3,	-4,	0
: -4,	0.3,	0,	0
: 4,	0.3,	0,	0
: 0,	1.875,	0,	4

[Wall]
: 0,	1.5,	0,	1
: 0,	1.5,	0,	3
: 2,	1.5,	0,	2
: -2,	1.5,	0,	2
: 2,	1.5,	0,	3
: -2,	1.5,	0,	3

[Ceiling1]
: 0,	0.25,	2,	1
: 0,	0.25,	-2,	1
: -2,	0.25,	0,	1
: 2,	0.25,	0,	1
: 0,	0.25,	2,	3
: 0,	0.25,	-2,	3
: -2,	0.25,	0,	3
: 2,	0.25,	0,	3
: 0,	1.875,	0,	4

[Door1]
: 0,	1.5,	0,	1
: 0,	1.5,	0,	3
: 2,	1.5,	0,	2
: -2,	1.5,	0,	2
: 2,	1.5,	0,	3
: -2,	1.5,	0,	3

[Stair1]
: 0,	3.25,	0,	4
